0.68628 0.43415
0.436599 1.08282
0.320658 1.92838
0.652943 2.6258
0.189376 3.45755
0.599755 3.78532
0.161954 4.35169
0.477904 5.1939
0.532226 5.62564
0.313391 6.68716
1.20156 0.00833794
1.38171 0.745491
0.734605 1.93521
0.835384 2.61448
1.0951 2.98516
0.752334 3.88138
1.31931 4.68893
0.764201 5.13996
1.01731 5.61714
0.765762 6.80669
2.07469 0.665518
1.49201 0.836644
1.51721 1.96991
1.83054 2.74943
1.99555 2.84393
1.7366 3.89711
1.45227 4.5183
1.84261 4.98687
1.55351 6.17799
2.00135 6.84861
2.16314 0.653689
2.33 1.38245
2.54262 1.6942
2.32241 2.15993
2.41134 3.08818
2.66662 3.78603
2.35369 4.85863
2.52268 5.2709
2.62854 5.75322
2.42033 6.72409
2.99715 0.656924
2.92121 0.949417
3.07523 1.96381
3.13629 2.52874
3.2418 3.03765
3.07735 4.00495
2.99133 4.70735
3.2874 5.53396
2.90155 5.60981
3.49389 6.71289
3.79799 0.560504
4.19893 1.25168
4.01913 1.82161
3.72258 2.44767
4.07482 3.34291
3.57176 3.57197
3.99983 4.39297
3.82139 4.97506
3.55679 6.25768
4.0038 6.79859
4.39533 0.081151
4.50354 1.08666
4.7885 1.49094
4.52062 2.79005
4.30075 3.1145
4.60295 3.89873
4.37501 4.60188
4.45041 5.59414
4.32348 6.07299
4.54181 6.99831
5.21589 0.413573
4.97028 0.815721
5.50655 1.79167
5.09078 2.76333
5.24935 3.49457
5.36192 4.04467
4.97573 4.26546
5.13133 5.56423
5.0564 6.15195
5.55428 6.55714
5.76645 0.357232
6.25587 1.04146
5.65911 1.60628
5.9356 2.28259
6.27927 3.4774
5.7809 3.79516
5.99098 4.45118
6.01088 5.19752
6.24285 6.20166
5.86085 6.59219
6.89623 0.0227772
6.43687 1.37196
6.38824 1.7682
6.93619 2.34463
6.52015 3.39047
6.80177 3.8866
6.5477 4.65765
6.32806 5.20681
6.96393 5.96365
6.7894 6.9432
